3.000000000000000583e-02 0.000000000000000000e+00 0.000000000000000000e+00 0.000000000000000000e+00 0.000000000000000000e+00 0.000000000000000000e+00 0.000000000000000000e+00
8.999999999999998279e-02 0.000000000000000000e+00 0.000000000000000000e+00 0.000000000000000000e+00 0.000000000000000000e+00 0.000000000000000000e+00 0.000000000000000000e+00
1.499999999999999667e-01 0.000000000000000000e+00 0.000000000000000000e+00 0.000000000000000000e+00 0.000000000000000000e+00 0.000000000000000000e+00 0.000000000000000000e+00
2.099999999999999922e-01 0.000000000000000000e+00 0.000000000000000000e+00 0.000000000000000000e+00 0.000000000000000000e+00 0.000000000000000000e+00 0.000000000000000000e+00
2.700000000000000178e-01 0.000000000000000000e+00 0.000000000000000000e+00 0.000000000000000000e+00 0.000000000000000000e+00 0.000000000000000000e+00 0.000000000000000000e+00
3.300000000000000155e-01 0.000000000000000000e+00 0.000000000000000000e+00 0.000000000000000000e+00 0.000000000000000000e+00 0.000000000000000000e+00 0.000000000000000000e+00
3.900000000000000688e-01 0.000000000000000000e+00 0.000000000000000000e+00 0.000000000000000000e+00 0.000000000000000000e+00 0.000000000000000000e+00 0.000000000000000000e+00
4.500000000000001221e-01 0.000000000000000000e+00 0.000000000000000000e+00 0.000000000000000000e+00 0.000000000000000000e+00 0.000000000000000000e+00 0.000000000000000000e+00
5.099999999999998979e-01 0.000000000000000000e+00 0.000000000000000000e+00 0.000000000000000000e+00 0.000000000000000000e+00 0.000000000000000000e+00 0.000000000000000000e+00
5.700000000000000622e-01 0.000000000000000000e+00 0.000000000000000000e+00 0.000000000000000000e+00 0.000000000000000000e+00 0.000000000000000000e+00 0.000000000000000000e+00
6.300000000000000044e-01 0.000000000000000000e+00 0.000000000000000000e+00 0.000000000000000000e+00 0.000000000000000000e+00 0.000000000000000000e+00 0.000000000000000000e+00
6.899999999999998357e-01 0.000000000000000000e+00 0.000000000000000000e+00 0.000000000000000000e+00 0.000000000000000000e+00 0.000000000000000000e+00 0.000000000000000000e+00
7.500000000000000000e-01 0.000000000000000000e+00 0.000000000000000000e+00 0.000000000000000000e+00 0.000000000000000000e+00 0.000000000000000000e+00 0.000000000000000000e+00
8.100000000000003864e-01 0.000000000000000000e+00 0.000000000000000000e+00 0.000000000000000000e+00 0.000000000000000000e+00 0.000000000000000000e+00 0.000000000000000000e+00
8.699999999999998845e-01 0.000000000000000000e+00 0.000000000000000000e+00 0.000000000000000000e+00 0.000000000000000000e+00 0.000000000000000000e+00 0.000000000000000000e+00
9.299999999999998268e-01 0.000000000000000000e+00 0.000000000000000000e+00 1.108178181818182040e+01 4.801136363636363535e-01 0.000000000000000000e+00 0.000000000000000000e+00
9.900000000000001021e-01 0.000000000000000000e+00 0.000000000000000000e+00 2.740035454545454741e+01 1.825282727272727223e+00 0.000000000000000000e+00 0.000000000000000000e+00
1.050000000000000266e+00 0.000000000000000000e+00 0.000000000000000000e+00 3.138142000000000209e+00 1.998580000000000245e+00 0.000000000000000000e+00 0.000000000000000000e+00
1.109999999999999876e+00 0.000000000000000000e+00 0.000000000000000000e+00 2.301745454545454234e-02 2.000000000000000000e+00 0.000000000000000000e+00 0.000000000000000000e+00
1.169999999999999929e+00 0.000000000000000000e+00 0.000000000000000000e+00 0.000000000000000000e+00 2.000000000000000000e+00 0.000000000000000000e+00 0.000000000000000000e+00
1.230000000000000204e+00 0.000000000000000000e+00 0.000000000000000000e+00 0.000000000000000000e+00 2.000000000000000000e+00 0.000000000000000000e+00 0.000000000000000000e+00
1.289999999999999813e+00 0.000000000000000000e+00 0.000000000000000000e+00 0.000000000000000000e+00 2.000000000000000000e+00 0.000000000000000000e+00 0.000000000000000000e+00
1.349999999999999867e+00 0.000000000000000000e+00 0.000000000000000000e+00 0.000000000000000000e+00 2.000000000000000000e+00 0.000000000000000000e+00 0.000000000000000000e+00
1.409999999999999920e+00 0.000000000000000000e+00 0.000000000000000000e+00 0.000000000000000000e+00 2.000000000000000000e+00 2.588121818181818301e-01 2.556818181818181976e-02
1.470000000000000195e+00 0.000000000000000000e+00 0.000000000000000000e+00 5.250181818181818422e-02 2.005679999999999907e+00 1.045077090909090733e+00 1.377840909090909116e-01
1.529999999999999805e+00 0.000000000000000000e+00 0.000000000000000000e+00 1.817450000000000176e-01 2.026988181818181634e+00 3.150627272727272832e+00 5.042613636363636465e-01
1.590000000000000080e+00 0.000000000000000000e+00 0.000000000000000000e+00 5.048661818181818806e-01 2.090909999999999602e+00 2.939972727272727404e+00 8.735795454545454142e-01
1.649999999999999911e+00 0.000000000000000000e+00 0.000000000000000000e+00 8.647121818181818798e-01 2.208808181818181726e+00 8.190199090909092705e-01 9.843750000000000000e-01
1.710000000000000631e+00 0.000000000000000000e+00 0.000000000000000000e+00 1.125200909090909196e+00 2.373579090909090805e+00 1.173166363636363452e-01 1.001419999999999977e+00
1.769999999999999796e+00 0.000000000000000000e+00 0.000000000000000000e+00 1.475735090909090941e+00 2.605114545454545461e+00 0.000000000000000000e+00 1.001419999999999977e+00
1.829999999999999627e+00 0.000000000000000000e+00 0.000000000000000000e+00 1.456791818181817799e+00 2.849430909090908681e+00 8.536403636363636138e-02 1.015622727272727399e+00
1.890000000000000346e+00 0.000000000000000000e+00 0.000000000000000000e+00 1.365770727272727303e+00 3.093749090909090782e+00 1.520579636363636189e-01 1.042613636363636465e+00
1.949999999999999512e+00 0.000000000000000000e+00 0.000000000000000000e+00 8.578353636363637014e-01 3.257101818181817876e+00 3.383179818181817899e-01 1.106533636363636441e+00
2.009999999999999343e+00 0.000000000000000000e+00 0.000000000000000000e+00 8.354727272727273668e-01 3.426135454545454095e+00 5.236283636363636695e-01 1.211649090909090898e+00
2.069999999999999840e+00 0.000000000000000000e+00 0.000000000000000000e+00 5.097169999999999757e-01 3.535513636363637247e+00 7.672599999999999421e-01 1.375000000000000000e+00
2.129999999999999449e+00 0.000000000000000000e+00 0.000000000000000000e+00 5.189191818181818627e-01 3.653410000000000490e+00 1.046009999999999884e+00 1.610795454545454586e+00
2.190000000000000391e+00 0.000000000000000000e+00 0.000000000000000000e+00 2.720521818181818041e-01 3.718750000000000000e+00 1.210030999999999857e+00 1.899148181818181902e+00
2.250000000000000000e+00 0.000000000000000000e+00 0.000000000000000000e+00 1.848981000000000374e-01 3.765625454545454609e+00 1.310125181818181828e+00 2.228692727272727048e+00
2.309999999999999609e+00 0.000000000000000000e+00 0.000000000000000000e+00 1.701026909090909145e-01 3.811080000000000023e+00 1.548336454545454766e+00 2.639206363636363406e+00
2.370000000000000551e+00 0.000000000000000000e+00 0.000000000000000000e+00 1.009996545454545508e-01 3.839489090909090852e+00 1.445489090909090724e+00 3.042613636363636243e+00
2.430000000000000160e+00 3.903945454545454385e-02 5.681818181818181976e-03 1.248959272727272612e-01 3.876419090909091203e+00 1.360464545454545426e+00 3.441762727272727584e+00
2.490000000000000657e+00 2.230850909090909273e-01 3.977272727272727210e-02 1.418245181818181821e-01 3.920454545454545414e+00 1.272637818181817870e+00 3.833807272727272064e+00
2.550000000000000266e+00 6.204068181818181982e-01 1.392045454545454419e-01 8.288249090909091676e-02 3.947446363636363920e+00 1.125526181818181870e+00 4.197443636363636266e+00
2.609999999999999876e+00 1.624351454545454487e+00 4.119318181818181768e-01 1.332475090909090443e-01 3.992896363636363688e+00 9.610606363636363669e-01 4.522727272727272485e+00
2.670000000000000373e+00 2.166570000000000107e+00 7.926136363636363535e-01 2.466950454545454308e-01 4.080965454545454563e+00 9.063236363636363313e-01 4.843750909090909218e+00
2.729999999999999982e+00 3.015785454545454325e+00 1.346590909090909172e+00 2.511947454545454539e-01 4.174714545454545345e+00 7.710262727272727545e-01 5.129261818181817922e+00
2.789999999999999591e+00 2.843054545454545501e+00 1.892045454545454586e+00 4.044895454545454627e-01 4.332385454545454095e+00 6.941490000000001270e-01 5.397729090909090921e+00
2.850000000000000977e+00 2.710420000000000051e+00 2.434659090909090828e+00 6.181261818181819079e-01 4.583807272727272952e+00 6.828288181818181757e-01 5.673295454545454142e+00
2.910000000000000586e+00 1.783113818181818244e+00 2.806818181818181657e+00 7.670853636363635930e-01 4.909091818181818390e+00 6.650903636363636462e-01 5.953124545454545391e+00
2.969999999999999307e+00 1.489656363636363556e+00 3.130681818181818343e+00 9.357821818181816242e-01 5.322444545454545484e+00 5.833921818181818653e-01 6.208807272727272952e+00
3.030000000000000693e+00 1.004382272727272651e+00 3.357954545454545414e+00 1.238952727272727206e+00 5.892045454545454142e+00 7.131021818181818572e-01 6.534091818181818390e+00
3.089999999999999414e+00 1.001973454545454612e+00 3.593750000000000000e+00 1.434912454545454574e+00 6.578125454545454609e+00 7.455634545454544737e-01 6.887783636363636219e+00
3.149999999999999023e+00 6.040569090909090333e-01 3.741477272727272929e+00 1.520850909090909031e+00 7.333806363636363734e+00 7.231949090909091105e-01 7.244319090909090875e+00
3.210000000000000409e+00 5.705010000000000359e-01 3.886363636363636243e+00 1.626950909090909558e+00 8.173296363636364248e+00 8.212672727272726236e-01 7.664774545454545951e+00
3.270000000000000462e+00 5.389782727272727225e-01 4.028409090909090828e+00 1.546572727272727210e+00 9.001420909090908751e+00 8.234905454545454750e-01 8.102271818181817409e+00
3.329999999999998739e+00 6.132827272727272572e-01 4.196022727272727515e+00 1.726685454545454856e+00 9.960230909090910245e+00 9.152593636363636209e-01 8.606533636363636219e+00
3.390000000000000124e+00 8.324844545454546108e-01 4.431818181818181657e+00 1.537755454545454370e+00 1.084516363636363501e+01 9.776828181818181251e-01 9.164771818181817409e+00
3.450000000000000178e+00 7.844132727272726813e-01 4.661931818181818343e+00 1.496650909090909032e+00 1.173720909090909004e+01 9.944139090909090983e-01 9.752841818181819278e+00
3.509999999999998455e+00 8.700960000000000916e-01 4.926136363636363313e+00 1.411383636363636507e+00 1.260793636363636061e+01 1.130108363636363578e+00 1.044460000000000122e+01
3.569999999999999840e+00 8.320519999999999028e-01 5.187500000000000000e+00 1.177383818181818365e+00 1.335936363636363922e+01 1.070010363636363593e+00 1.112214545454545345e+01
3.629999999999999893e+00 8.222677272727273445e-01 5.454545454545454142e+00 1.160310454545454339e+00 1.412500909090909040e+01 1.199824545454545532e+00 1.190766363636363501e+01
3.689999999999999503e+00 1.007380545454545251e+00 5.792613636363636687e+00 1.137470363636363668e+00 1.490056363636363734e+01 1.121230090909090871e+00 1.266618181818181554e+01
3.750000000000000000e+00 9.344199090909089955e-01 6.116477272727272485e+00 1.133636909090909084e+00 1.569886363636363669e+01 1.173058545454545687e+00 1.348581818181818370e+01
3.810000000000000497e+00 7.861130909090909835e-01 6.397727272727272485e+00 9.985553636363636576e-01 1.642470909090909359e+01 1.205338181818181864e+00 1.435510909090908882e+01
3.870000000000000107e+00 1.038991545454545307e+00 6.781250000000000000e+00 1.030334727272727458e+00 1.719744545454545559e+01 1.244606909090909097e+00 1.528124545454545569e+01
3.930000000000000160e+00 1.238863545454545356e+00 7.252840909090909172e+00 9.825832727272726386e-01 1.795738181818181900e+01 1.155066181818181770e+00 1.616760909090909237e+01
3.990000000000001545e+00 1.064320636363636385e+00 7.670454545454545858e+00 9.782006363636363000e-01 1.873721818181818222e+01 1.176259181818182009e+00 1.709801818181818689e+01
4.049999999999998934e+00 1.363303454545454318e+00 8.221590909090908283e+00 9.771023636363636022e-01 1.953976363636363800e+01 1.176527272727272866e+00 1.805680909090909481e+01
4.110000000000000320e+00 1.207791000000000059e+00 8.724431818181818343e+00 9.286309999999999842e-01 2.032528181818181778e+01 1.117040636363636485e+00 1.899431818181818343e+01
4.170000000000000817e+00 1.226312818181818365e+00 9.250000000000000000e+00 9.804026363636363373e-01 2.117899090909090631e+01 1.103212363636363547e+00 1.994744545454545559e+01
4.230000000000001315e+00 1.198212363636363520e+00 9.778409090909091717e+00 9.892494545454545429e-01 2.206533636363636575e+01 1.166408090909091033e+00 2.098438181818182002e+01
4.290000000000000036e+00 1.127353636363636502e+00 1.028977272727272663e+01 9.818106363636363021e-01 2.297016363636363678e+01 1.129349090909090858e+00 2.201703636363636463e+01
4.350000000000000533e+00 1.291395545454545601e+00 1.089204545454545503e+01 9.908900909090910814e-01 2.390909090909091006e+01 1.053084909090909127e+00 2.300710000000000122e+01
4.409999999999999254e+00 1.238713909090908949e+00 1.148579090909090894e+01 9.174374545454544450e-01 2.480256363636363304e+01 1.031974545454545478e+00 2.400425454545454684e+01
4.469999999999999751e+00 1.136460363636363713e+00 1.204546363636363715e+01 1.026421818181818102e+00 2.582953636363636463e+01 1.007319090909090997e+00 2.500425454545454684e+01
4.530000000000000249e+00 1.275063727272727210e+00 1.269034545454545260e+01 1.002177272727272861e+00 2.685935454545454704e+01 1.061617363636363942e+00 2.608663636363636229e+01
4.590000000000000746e+00 1.296657181818181792e+00 1.336364545454545549e+01 9.707643636363635364e-01 2.788354545454545530e+01 1.009619181818181666e+00 2.714345454545454217e+01
4.649999999999999467e+00 1.135473454545454564e+00 1.396878181818182085e+01 9.931023636363636165e-01 2.895880000000000010e+01 1.028686909090909207e+00 2.824857272727273028e+01
4.709999999999999964e+00 1.189861999999999975e+00 1.461930909090909125e+01 9.500593636363635630e-01 3.001419090909091381e+01 9.382087272727273053e-01 2.928266363636363678e+01
4.769999999999998685e+00 1.119589818181817797e+00 1.524714545454545345e+01 9.948796363636365214e-01 3.114772727272727337e+01 1.034126727272727253e+00 3.045172727272727187e+01
4.829999999999999183e+00 1.141358909090909091e+00 1.590339090909090913e+01 1.016520272727272634e+00 3.233521818181818475e+01 1.000013090909090963e+00 3.161079999999999757e+01
4.889999999999999680e+00 9.303427272727270436e-01 1.645170909090909106e+01 9.691887272727272018e-01 3.349574545454544960e+01 1.004320000000000102e+00 3.280396363636364043e+01
4.950000000000001066e+00 1.096097090909091243e+00 1.711362727272727469e+01 9.863554545454544797e-01 3.470596363636363435e+01 9.987889090909090051e-01 3.401987272727273393e+01
5.009999999999998899e+00 1.148070181818181545e+00 1.782385454545454806e+01 9.764335454545455262e-01 3.593325454545453823e+01 9.761489999999999334e-01 3.523722727272726729e+01
5.070000000000000284e+00 9.147827272727272474e-01 1.840340909090908994e+01 1.030707909090909036e+00 3.725993636363636341e+01 9.798744545454544097e-01 3.648863636363636687e+01
5.130000000000000782e+00 1.016150545454545417e+00 1.906250909090909218e+01 1.019672454545454521e+00 3.860369999999999635e+01 1.003801090909090865e+00 3.780115454545454412e+01
5.189999999999999503e+00 8.258983636363638192e-01 1.961079090909090894e+01 1.017296545454545509e+00 3.997585454545454553e+01 9.499469999999998748e-01 3.907245454545454066e+01
5.250000000000000000e+00 9.618631818181818671e-01 2.026419090909091381e+01 1.053868363636363714e+00 4.143039090909091016e+01 9.760728181818183469e-01 4.040909090909090651e+01
5.310000000000000497e+00 7.685518181818181693e-01 2.079828181818181676e+01 9.768672727272726952e-01 4.280966363636363781e+01 9.845586363636364968e-01 4.178833636363636828e+01
5.369999999999998330e+00 8.474059090909090708e-01 2.140058181818181993e+01 1.102713545454545363e+00 4.440199090909090529e+01 9.815165454545454748e-01 4.319460000000000122e+01
5.429999999999999716e+00 8.756950000000000012e-01 2.203692727272727225e+01 9.688020000000000520e-01 4.583239090909091118e+01 9.221303636363639145e-01 4.454544545454545812e+01
5.490000000000001101e+00 7.954691818181818252e-01 2.262782727272727001e+01 1.013622727272727175e+00 4.736221818181818577e+01 9.324387272727269194e-01 4.594175454545455040e+01
5.549999999999998046e+00 7.858471818181818058e-01 2.322441818181818363e+01 9.936687272727273701e-01 4.889489090909091118e+01 9.903519090909089773e-01 4.745739999999999981e+01
5.610000000000000320e+00 9.156276363636363103e-01 2.393466363636363425e+01 9.608089090909092134e-01 5.040909090909090651e+01 9.710991818181816670e-01 4.897584545454544980e+01
5.670000000000000817e+00 7.852054545454545398e-01 2.455681818181818343e+01 9.502876363636363344e-01 5.193891818181817399e+01 9.346492727272726064e-01 5.046874545454545569e+01
5.730000000000001315e+00 8.741676363636362579e-01 2.526420909090909106e+01 9.244429090909090929e-01 5.345880909090909228e+01 9.770024545454544240e-01 5.206249090909090427e+01
5.790000000000000036e+00 9.042819999999999192e-01 2.601136363636363669e+01 9.916903636363637586e-01 5.512358181818182601e+01 9.338326363636363370e-01 5.361789999999999168e+01
5.850000000000000533e+00 9.060383636363638082e-01 2.677556363636363912e+01 9.101150909090910401e-01 5.668324545454544960e+01 1.041758454545454571e+00 5.538921818181816548e+01
5.909999999999999254e+00 9.504369090909090545e-01 2.759374545454545569e+01 9.266516363636363440e-01 5.830399090909091342e+01 9.871525454545454492e-01 5.710227272727272663e+01
5.969999999999999751e+00 9.767057272727274198e-01 2.845170909090909461e+01 9.534849090909091052e-01 6.000568181818182012e+01 1.012332181818181853e+00 5.889488181818182255e+01
